  A01          1.817            0.097           2.770           0.117          0.294          0.015
  A02          1.518            0.156           2.423           0.132          0.357          0.018
  A03          1.781            0.087           3.167           0.084          0.339          0.009
  A04          1.521            0.070           2.692           0.080          0.348          0.011
  A05          1.528            0.072           2.643           0.083          0.347          0.008
  A07          1.925            0.079           3.451           0.088          0.321          0.008
  A08          0.970            0.025           2.319           0.077          0.327          0.003
  A09          1.923            0.067           3.321           0.091          0.321          0.010
  A10          1.329            0.051           2.534           0.065          0.331          0.007
  A11          1.748            0.066           3.138           0.077          0.321          0.009
  A12          2.074            0.082           3.625           0.083          0.319          0.010
  A13          2.757            0.147           4.757           0.172          0.320          0.008
  A14          1.591            0.029           3.130           0.131          0.313          0.013
  A15          2.032            0.114           3.511           0.141          0.316          0.013
  A17          1.525            0.077           2.786           0.076          0.354          0.008
  A18          1.769            0.062           3.003           0.054          0.322          0.011
  A19          2.065            0.200           3.440           0.226          0.345          0.015
  A20          1.910            0.241           2.977           0.095          0.392          0.035
  A21          1.391            0.160           2.010           0.110          0.368          0.033
  A22          1.557            0.069           2.751           0.111          0.308          0.005
  T01          1.212            0.052           1.748           0.032          0.312          0.013
  T02          1.459            0.071           2.134           0.059          0.314          0.011
  T04          1.509            0.066           2.306           0.066          0.303          0.011
  T07          1.567            0.066           2.775           0.092          0.330          0.010
  T08          2.132            0.086           3.847           0.078          0.315          0.008
  T10          2.852            0.080           5.189           0.054          0.229          0.007
  T11          2.881            0.059           5.428           0.062          0.236          0.005
  T13          2.823            0.076           4.990           0.142          0.216          0.005
  T14          3.058            0.075           5.451           0.172          0.180          0.010
  C01          2.713            0.094           4.819           0.248          0.181          0.008
  C02          2.778            0.142           4.925           0.257          0.187          0.005
  C03          3.164            0.146           5.674           0.244          0.178          0.009
  C04          3.229            0.157           5.786           0.305          0.169          0.009
  C05          2.883            0.197           5.090           0.340          0.175          0.010
  C06          2.319            0.064           4.194           0.135          0.182          0.008
  C07          2.896            0.298           5.180           0.475          0.194          0.008
  C08          2.824            0.306           5.708           0.403          0.132          0.009
  C09          3.120            0.206           5.658           0.439          0.158          0.009
  C11          2.611            0.113           4.811           0.256          0.180          0.009
