   A01         58.91            0.30           35.69            0.39           67.34          0.11
   A02         58.76            0.30           31.61            0.41           65.12          0.13
   A03         58.54            0.29           27.89            0.46           63.21          0.12
   A04         58.29            0.29           23.58            0.56           61.21          0.11
   A05         58.09            0.29           19.41            0.61           59.52          0.13
   A07         57.86            0.27            9.97            1.10           56.95          0.12
   A08         57.71            0.27            6.42            1.73           56.32          0.12
   A09         57.44            0.26            4.70            2.40           55.91          0.12
   A10         57.49            0.26            4.58            2.11           55.91          0.11
   A11         57.36            0.27            6.46            1.62           55.96          0.13
   A12         57.14            0.26            9.71            1.11           56.17          0.11
   A13         56.86            0.27           13.94            0.87           56.77          0.11
   A14         56.76            0.27           19.45            0.59           58.21          0.12
   A15         56.69            0.29           24.57            0.47           60.10          0.13
   A17         56.64            0.29           34.53            0.33           64.80          0.13
   A18         56.54            0.29           39.51            0.29           67.53          0.12
   A19         56.21            0.30           43.41            0.28           69.66          0.12
   A20         56.01            0.30           47.98            0.25           72.46          0.13
   A21         55.66            0.30           51.24            0.24           74.36          0.12
   A22         55.41            0.30           54.44            0.20           76.42          0.12
   T01         62.16            0.30            4.81            2.59           60.54          0.12
   T02         61.84            0.29            4.91            2.42           60.23          0.12
   T04         60.39            0.29            4.87            2.31           58.80          0.13
   T07         57.51            0.27            4.47            2.41           55.96          0.11
   T08         56.80            0.28            4.75            2.28           55.23          0.14
   T10         49.41            0.24            4.05            1.85           47.80          0.12
   T11         48.99            0.26            4.29            1.94           47.32          0.12
   T13         48.66            0.24            6.22            1.26           47.23          0.12
   T14         44.26            0.27            4.90            2.09           42.98          0.10
   C01         45.24            0.32           28.19            0.34           51.82          0.13
   C02         44.89            0.32           24.31            0.41           49.55          0.13
   C03         44.69            0.32           19.77            0.51           47.38          0.13
   C04         44.54            0.32           15.09            0.69           45.48          0.12
   C05         44.31            0.33           10.91            0.97           44.11          0.13
   C06         44.24            0.32            6.35            1.60           43.16          0.12
   C07         44.29            0.32            4.41            2.12           43.01          0.13
   C08         43.98            0.28            4.86            2.17           42.77          0.11
   C09         44.04            0.32            4.77            2.06           42.82          0.11
   C11         43.76            0.33           10.79            0.97           43.60          0.13
